64 544
779 81
638 111
115 507
174 502
580 273
733 330
175 384
314 347
126 267
54 459
315 278
55 347
340 459
713 419
770 132
197 586
38 258
533 540
602 336
74 276
147 59
665 101
111 94
486 284
220 44
721 105
673 459
111 446
207 215
611 564
193 238
98 564
212 29
479 174
424 342
505 40
175 111
535 131
87 238
473 284
393 50
274 43
46 20
240 362
355 246
648 199
83 159
662 563
770 263
94 54
434 356
224 75
320 36
96 215
398 560
328 541
776 429
151 384
353 244
205 106
405 562
748 467
335 449
381 503
422 465
26 272
585 588
510 95
681 198
522 141
679 475
674 126
698 27
208 23
153 162
315 378
406 82
195 447
682 584
492 361
167 372
423 228
679 101
22 87
538 274
719 579
92 466
467 564
750 575
178 461
621 595
665 196
746 361
133 235
789 589
471 557
388 261
42 71
739 370
785 534
588 453
452 125
597 188
720 470
540 76
289 228
34 519
321 177
188 5
201 416
266 302
626 570
595 93
232 183
719 135
328 515
268 391
742 47
279 481
272 351
139 53
450 30
453 32
783 450
368 449
501 579
635 496
727 378
526 147
224 309
327 253
246 68
123 469
313 140
651 596
38 326
798 533
566 591
784 201
369 347
419 545
168 437
714 278
13 40
419 417
117 475
264 37
156 589
704 299
273 179
41 192
571 180
68 438
623 413
105 573
287 263
243 5
684 113
212 453
245 401
515 421
117 346
575 429
653 328
750 348
394 180
193 198
667 378
265 522
371 319
381 260
234 305
407 289
631 90
467 358
281 419
145 404
313 417
404 113
530 118
507 335
575 279
133 519
90 392
293 268
179 241
28 184
223 114
210 560
195 462
111 395
750 556
366 370
259 31
594 25
597 273
240 53
240 210
679 492
721 337
506 60
534 136
408 534
738 394
598 341
362 424
384 295
211 273
32 581
327 447
613 285
691 581
648 144
397 318
198 66
618 271
460 524
129 510
159 61
304 448
571 305
731 78
455 218
168 202
224 472
591 531
641 70
506 356
612 49
37 335
766 514
261 31
185 329
369 43
260 283
323 339
513 535
528 325
184 254
752 486
396 387
446 507
194 476
565 552
171 276
687 536
438 336
751 65
133 374
54 75
89 456
169 517
77 554
353 261
104 592
326 9
786 55
688 463
339 140
776 225
209 532
632 541
244 320
787 480
415 355
317 39
88 398
747 30
424 247
155 376
624 399
8 257
614 170
306 495
86 538
336 306
102 555
525 504
620 558
447 191
542 181
752 81
204 6
42 156
787 428
150 521
16 151
448 76
636 406
315 246
245 236
796 401
273 146
413 444
648 433
612 368
0 446
341 111
251 37
246 406
97 0
496 547
278 150
663 430
341 457
186 308
574 13
768 66
543 68
284 436
355 127
2 131
203 222
364 338
677 534
400 301
418 531
21 278
518 243
225 394
622 358
649 337
474 136
533 579
220 108
181 523
506 475
599 446
680 517
212 303
3 397
284 162
491 117
1 391
736 127
253 247
623 149
562 33
280 381
62 72
471 262
367 499
451 306
273 324
321 366
335 65
321 133
374 59
350 567
686 417
362 252
612 402
246 306
193 532
275 388
679 81
364 75
92 270
179 355
602 296
320 136
634 389
259 134
109 526
62 126
222 392
22 356
269 181
112 110
4 528
375 596
179 265
668 223
753 416
180 565
717 521
169 146
247 199
701 500
491 239
160 355
585 190
785 169
390 148
419 559
307 468
19 105
648 150
337 555
502 107
169 291
187 322
788 439
576 93
205 164
551 174
490 93
72 77
721 377
77 359
675 572
463 468
439 565
399 110
19 448
656 211
240 577
141 495
20 288
264 127
760 579
419 366
671 72
757 46
497 94
381 373
311 369
212 42
652 436
699 443
428 452
704 317
189 551
777 196
570 180
343 42
83 101
52 488
276 124
28 176
386 34
295 382
11 432
447 156
748 143
255 376
120 140
677 311
17 558
328 61
766 443
143 398
523 243
620 127
408 111
431 586
475 439
444 40
261 388
716 508
713 117
529 591
28 94
739 556
382 392
669 164
380 453
379 569
703 185
740 319
723 153
278 454
238 177
203 262
135 71
420 136
527 184
298 279
700 404
614 15
210 142
171 482
739 335
453 499
388 263
219 547
258 163
354 87
357 64
411 317
144 256
314 582
795 185
91 542
270 512
577 384
759 523
618 402
624 540
485 37
90 128
634 427
107 139
360 325
653 359
324 300
767 452
264 74
648 242
589 193
146 327
427 116
520 205
463 124
619 488
408 172
629 388
627 133
173 451
451 145
773 101
126 386
572 393
34 291
480 516
766 166
435 74
695 404
752 539
13 357
508 572
550 122
738 423
269 375
17 489
789 423
502 300
161 366
7 265
665 331
600 476
117 363
454 347
407 433
303 248
296 221
355 552
425 230
647 484
87 599
336 474
173 79
398 484
438 330
761 321
763 565
103 116
728 13
50 77
269 278
10 20
97 259
17 406
37 356
672 508
446 438
172 75
172 151
311 544
741 597
484 550
540 369
31 555
284 131
604 312
547 46
385 391
565 297
150 198
666 283
156 521
743 569
107 270
133 58
569 177
474 15
489 71
499 111
758 27
625 578
686 67
345 169
223 72
136 394
667 26
20 410
19 500
798 464
98 123
377 221
231 136
440 244
264 275
469 216
463 331
343 365
615 80
726 139
6 423
504 547
473 243
234 496
140 453
404 520
384 470
373 388
331 420
633 61
77 41
510 69
164 431
748 481
411 281
795 366
583 90
269 249
602 134
481 573
38 320
565 40
70 596
352 241
719 567
232 277
485 96
520 246
385 570
730 220
774 165
567 268
697 458
8 331
502 340
242 335
772 67
23 122
338 176
718 383
545 234
186 138
142 265
625 298
557 96
310 474
727 118
430 7
440 577
229 188
59 537
690 486
162 104
578 367
28 242
78 382
647 492
170 96
791 364
125 552
780 509
363 439
227 332
62 405
653 563
561 393
264 447
676 514
89 517
612 217
770 509
457 341
45 356
128 481
285 247
374 43
467 448
626 197
395 422
465 390
510 273
110 406
115 460
709 545
412 286
249 354
137 308
400 100
716 142
287 198
388 336
361 357
718 28
215 314
355 58
234 416
23 104
605 357
167 299
576 436
215 189
507 473
580 463
433 66
440 295
635 367
372 302
243 378
742 496
203 372
405 456
152 4
269 506
730 206
547 471
93 410
629 105
777 116
25 145
679 404
494 346
798 357
448 331
456 213
744 164
775 107
617 510
535 354
256 396
124 116
249 309
646 161
274 554
666 7
297 383
593 577
249 107
444 425
160 360
350 389
315 367
342 426
518 154
466 108
19 293
462 321
109 294
399 7
299 504
154 489
718 24
692 237
354 323
177 345
596 215
722 82
279 66
351 460
273 485
600 10
487 29
509 534
716 341
25 275
190 366
419 257
775 310
639 288
247 194
718 128
706 293
267 17
467 331
185 74
355 407
677 71
23 357
509 577
338 564
722 226
444 23
31 164
87 18
181 144
591 291
162 390
233 22
400 469
683 88
605 289
288 533
481 569
693 197
159 585
447 424
198 463
524 492
466 597
791 380
462 580
128 369
536 363
381 109
19 368
193 17
492 507
594 41
259 167
186 393
37 440
694 560
345 245
194 29
495 538
433 246
518 428
197 591
156 430
100 10
516 248
395 21
360 163
256 150
753 417
566 129
348 86
429 135
162 448
119 10
264 155
154 566
6 420
196 443
150 120
603 142
90 161
40 234
52 312
541 440
326 475
710 314
183 1
724 232
459 108
563 454
72 233
206 476
115 258
698 83
57 559
354 167
14 504
688 301
314 23
692 301
541 263
484 40
172 454
726 239
181 409
399 313
734 398
383 59
28 513
733 485
97 130
161 436
783 464
742 109
24 340
446 206
215 594
618 327
401 561
166 522
272 532
559 288
481 586
8 47
92 18
510 476
217 190
15 321
552 32
500 599
522 144
560 227
269 528
754 559
540 155
282 437
592 182
798 487
138 273
628 301
448 535
382 72
671 481
126 464
177 557
69 214
55 377
32 523
261 128
321 333
567 228
137 396
475 123
472 162
148 495
171 438
198 466
694 167
784 407
163 547
79 292
669 354
355 48
642 422
276 76
189 487
658 465
590 338
62 33
795 215
123 392
693 485
165 371
613 362
88 188
78 154
600 111
202 212
458 492
134 364
399 85
170 419
347 437
699 147
180 248
92 286
218 121
719 411
423 241
547 69
709 564
137 266
683 518
380 567
610 289
507 74
487 272
706 295
437 485
447 252
693 232
453 486
644 333
108 7
513 135
646 309
209 65
567 20
565 502
81 550
589 458
650 213
503 43
330 39
480 483
322 515
352 25
480 267
615 353
342 124
661 2
288 473
66 196
277 120
347 398
29 390
172 1
453 510
371 204
669 496
369 115
548 474
89 307
167 344
314 97
365 43
677 285
700 437
683 288
309 318
581 541
496 418
22 351
744 336
424 139
194 522